

exp <- c(1,  1,1,  1,	1,	1,	1,	1,	1,	1,	1,	1,	1,	1,	1,	1,	1,	1,	1,	1,	1,	1,	2,	2,	2,	2,	2,	2,	2,	2,	2,	2,	2,	2,	2,	2,	2,	2,	2,	2,	3,	3,	3,	3,	3,	3,	3,	3,	3,	3,	3,	3,	3,	3,	3,	3,	3,	3,	3,	3,	3,	3,	3,	3,	3,	4,	4,	4,	4,	4,	4,	4,	4,	4,	4,	4,	4,	4,	4,	4,	4,	4,	4,	5,	5,	5,	5,	5,	5,	5,	5,	5,	5,	5,	5,	5,	5,	5,	5,	5,	5,	5,	5,	5,	5,	5,	5,	6,	6,	6,	6,	6,	6,	6,	6,	6,	6,	6,	6,	6,	6,	6,	6,	6,	6,	6,	6,	6,	6,	6,	6,	6,	6,	6,	6,	6,	6,	6,	6,	6,	6,	6,	6,	6,	6,	6,	6,	6,	6,	6,	6,	6,	6,	6,	6,	6,	6,	6,	6,	6,	6,	6,	6,	6,	6,	6,	6,	6,	6,	6,	6,	6,	6,	6,	6,	6,	6,	6,	6,	6,	6,	6,	6,	6,	6,	6,	6,	6,	6,	6,	6,	6,	6,	6,	6,	6,	6,	6,	6,	6,	6,	6,	6,	6,	6,	6,	6,	6,	6,	6,	6,	6,	6,	6,	6,	6,	6,	6,	6,	6,	6,	6,	6,	6,	6,	6,	6,	6,	6,	6,	6,	6,	6,	6,	6,	6,	6,	6,	6,	6,	6,	6,	6,	6,	6,	6,	6,	6,	6,	6,	6,	6,	6,	6,	6,	6,	6,	6,	6,	6,	6,	6,	6,	6,	6,	6,	6,	6,	6,	6,	6,	6,	6,	6,	6,	6,	6,	7,	7,	7,	7,	7,	7,	7,	7,	7,	7,	7,	7,	7,	7,	7,	7,	7,	7,	7,	7,	7,	7,	7,	7,	7,	7,	7,	7,	7,	7,	7,	7,	7,	7,	7,	7,	7,	7,	7,	7,	7,	7,	7,	7,	7,	7,	7,	7,	7,	7,	7,	7,	7,	7,	7,	7,	7,	7,	7,	7,	7,	7,	7,	7,	7,	7,	7,	7,	7,	7,	7,	7,	7,	7,	7,	7,	7,	7,	7,	7,	7,	7,	7,	7,	7,	7,	7,	7,	7,	7,	7,	7,	7,	7,	7,	7,	7,	7,	7,	7,	7,	7,	7,	7,	7,	7,	7,	7,	7,	7,	7,	7,	7,	7,	7,	7,	7,	7,	7,	7,	7,	7,	7,	7,	7,	7,	8,	8,	8,	8,	8,	8,	8,	8,	8,	8,	8,	8,	8,	8,	8,	8,	8,	8,	8,	8,	8,	8,	8,	8,	8,	8,	8,	8,	8,	8,	8,	8,	8,	8,	8,	8,	8,	8,	8,	8,	8,	8,	8,	8,	8,	8,	8,	8,	8,	8,	8,	8,	8,	8,	8,	8,	8,	8,	8,	8,	8,	8,	8,	8,	8,	8,	8,	8,	8,	8,	8,	8,	8,	8,	8,	8,	8,	8,	8,	8,	8,	8,	8,	8,	8,	8,	8,	8,	8,	8,	8,	8,	8,	8,	8,	8,	8,	8,	8,	8,	8,	8,	8,	8,	8,	8,	8,	8,	8,	8,	8,	8,	8,	8,	8,	8,	8,	8,	8,	8,	8,	8,	8,	8,	8,	9,	9,	9,	9,	9,	9,	9,	9,	9,	9,	9,	9,	9,	9,	9,	9,	9,	9,	9,	9,	9,	9,	9,	9,	9,	9,	9,	9,	9,	9,	9,	9,	9,	9,	9,	9,	9,	9,	9,	9,	9,	9,	9,	9,	9,	9,	9,	9,	9,	9,	9,	9,	9,	9,	9,	9,	9,	9,	9,	9,	9,	9,	9,	9,	9,	9,	9,	9,	9,	9,	9,	9,	9,	9,	9,	9,	9,	9,	9,	9,	9,	9,	9,	9,	9,	9,	9,	9,	9,	9,	9,	9,	9,	9,	9,	9,	9,	9,	9,	9,	9,	9,	9,	9,	9,	9,	9,	9,	9,	9,	9,	9,	9,	9,	9,	9,	9,	9,	9,	9,	9,	9,	9,	9,	9,	9,	9,	9,	9,	9,	9,	9,	9,	9,	9,	9,	9,	9,	9,	9,	9,	9,	9,	9,	9,	9,	9,	9,	9,	9,	9,	9,	9,	9,	9,	9,	9,	9,	9,	9,	9,	9,	9,	9,	9,	9,	9)

cond <- c(1,    1,  1,	1,	2,	2,	2,	2,	3,	3,	3,	3,	4,	4,	4,	4,	5,	5,	5,	6,	6,	6,	1,	1,	1,	1,	1,	1,	2,	2,	2,	2,	2,	2,	3,	3,	3,	3,	3,	3,	1,	1,	1,	1,	1,	1,	1,	1,	1,	2,	2,	2,	2,	2,	2,	2,	3,	3,	3,	3,	3,	3,	3,	3,	3,	1,	1,	1,	2,	2,	2,	3,	3,	3,	4,	4,	4,	5,	5,	5,	6,	6,	6,	7,	7,	7,	7,	7,	7,	8,	8,	8,	8,	8,	8,	9,	9,	9,	9,	9,	9,	10,	10,	10,	10,	10,	10,	11,	11,	11,	11,	11,	11,	11,	11,	11,	11,	11,	11,	11,	11,	11,	11,	11,	11,	11,	11,	11,	11,	11,	11,	11,	11,	11,	11,	11,	11,	11,	11,	11,	11,	11,	11,	11,	11,	11,	11,	11,	11,	11,	11,	11,	11,	11,	11,	11,	11,	11,	11,	11,	11,	11,	11,	11,	11,	11,	11,	11,	11,	11,	11,	11,	11,	11,	11,	11,	11,	11,	11,	11,	11,	11,	11,	11,	11,	11,	11,	11,	11,	11,	11,	12,	12,	12,	12,	12,	12,	12,	12,	12,	12,	12,	12,	12,	12,	12,	12,	12,	12,	12,	12,	12,	12,	12,	12,	12,	12,	12,	12,	12,	12,	12,	12,	12,	12,	12,	12,	12,	12,	12,	12,	12,	12,	13,	13,	13,	13,	13,	13,	13,	13,	13,	13,	13,	13,	13,	13,	13,	13,	13,	13,	13,	13,	13,	13,	13,	13,	13,	13,	13,	13,	13,	13,	13,	13,	13,	13,	13,	13,	13,	13,	13,	13,	13,	13,	13,	13,	14,	14,	14,	14,	14,	14,	14,	14,	14,	14,	14,	14,	14,	14,	14,	14,	14,	14,	14,	14,	14,	14,	14,	14,	14,	14,	14,	14,	14,	14,	14,	14,	14,	14,	14,	14,	14,	14,	14,	14,	14,	14,	15,	15,	15,	15,	15,	15,	15,	15,	15,	15,	15,	15,	15,	15,	15,	15,	15,	15,	15,	15,	15,	15,	15,	15,	15,	15,	15,	15,	15,	15,	15,	15,	15,	15,	15,	15,	15,	15,	15,	15,	15,	15,	16,	16,	16,	16,	16,	16,	16,	16,	16,	16,	16,	16,	16,	16,	16,	16,	16,	16,	16,	16,	16,	16,	16,	16,	16,	16,	16,	16,	16,	16,	16,	16,	16,	16,	16,	16,	16,	16,	16,	16,	16,	16,	17,	17,	17,	17,	17,	17,	17,	17,	17,	17,	17,	17,	17,	17,	17,	17,	17,	17,	17,	17,	17,	17,	17,	17,	17,	17,	17,	17,	17,	17,	17,	17,	17,	17,	17,	17,	17,	17,	17,	17,	17,	18,	18,	18,	18,	18,	18,	18,	18,	18,	18,	18,	18,	18,	18,	18,	18,	18,	18,	18,	18,	18,	18,	18,	18,	18,	18,	18,	18,	18,	18,	18,	18,	18,	18,	18,	18,	18,	18,	18,	18,	18,	18,	19,	19,	19,	19,	19,	19,	19,	19,	19,	19,	19,	19,	19,	19,	19,	19,	19,	19,	19,	19,	19,	19,	19,	19,	19,	19,	19,	19,	19,	19,	19,	19,	19,	19,	19,	19,	19,	19,	19,	19,	19,	19,	20,	20,	20,	20,	20,	20,	20,	20,	20,	20,	20,	20,	20,	20,	20,	20,	20,	20,	20,	20,	20,	20,	20,	20,	20,	20,	20,	20,	20,	20,	20,	20,	20,	20,	20,	20,	20,	20,	20,	20,	20,	20,	20,	20,	20,	20,	20,	20,	20,	20,	20,	20,	20,	20,	20,	20,	20,	20,	20,	20,	20,	20,	20,	20,	20,	20,	20,	20,	20,	20,	20,	20,	20,	20,	20,	20,	20,	20,	20,	20,	20,	20,	20,	20,	21,	21,	21,	21,	21,	21,	21,	21,	21,	21,	21,	21,	21,	21,	21,	21,	21,	21,	21,	21,	21,	21,	21,	21,	21,	21,	21,	21,	21,	21,	21,	21,	21,	21,	21,	21,	21,	21,	21,	21,	21,	22,	22,	22,	22,	22,	22,	22,	22,	22,	22,	22,	22	,22	,22	,22	,22	,22	,22	,22	,22	,22	,22	,22	,22	,22	,22	,22	,22	,22	,22	,22	,22	,22	,22	,22	,22	,22	,22	,22,	22,	22,	22)

numm <- cbind(exp, cond)

c1 <- data.frame(pam1 = pam(Trans, k=1)$clustering)
c1a <- cbind(c1, numm)
write.table(c1a, "Y:/Isabel Orf/Projects/Ara_Syn/Metabolome/2015/2015-03-16_Results/2015-03-16_C1.txt", sep="\t")

c2 <- data.frame(pam2 = pam(Trans, k=2)$clustering)
c2a <- cbind(c2, numm)
write.table(c2a, "Y:/Isabel Orf/Projects/Ara_Syn/Metabolome/2015/2015-03-16_Results/2015-03-16_C2.txt", sep="\t")

c3 <- data.frame(pam3 = pam(Trans, k=3)$clustering)
c3a <- cbind(c3, numm)
write.table(c3a, "Y:/Isabel Orf/Projects/Ara_Syn/Metabolome/2015/2015-03-16_Results/2015-03-16_C3.txt", sep="\t")

c4 <- data.frame(pam4 = pam(Trans, k=4)$clustering)
c4a <- cbind(c4, numm)
write.table(c4a, "Y:/Isabel Orf/Projects/Ara_Syn/Metabolome/2015/2015-03-16_Results/2015-03-16_C4.txt", sep="\t")

c5 <- data.frame(pam5 = pam(Trans, k=5)$clustering)
c5a <- cbind(c5, numm)
write.table(c5a, "Y:/Isabel Orf/Projects/Ara_Syn/Metabolome/2015/2015-03-16_Results/2015-03-16_C5.txt", sep="\t")

c6 <- data.frame(pam6 = pam(Trans, k=6)$clustering)
c6a <- cbind(c6, numm)
write.table(c6a, "Y:/Isabel Orf/Projects/Ara_Syn/Metabolome/2015/2015-03-16_Results/2015-03-16_C6.txt", sep="\t")

c7 <- data.frame(pam7 = pam(Trans, k=7)$clustering)
c7a <- cbind(c7, numm)
write.table(c7a, "Y:/Isabel Orf/Projects/Ara_Syn/Metabolome/2015/2015-03-16_Results/2015-03-16_C7.txt", sep="\t")

c8 <- data.frame(pam8 = pam(Trans, k=8)$clustering)
c8a <- cbind(c8, numm)
write.table(c8a, "Y:/Isabel Orf/Projects/Ara_Syn/Metabolome/2015/2015-03-16_Results/2015-03-16_C8.txt", sep="\t")

c9 <- data.frame(pam9 = pam(Trans, k=9)$clustering)
c9a <- cbind(c9, numm)
write.table(c9a, "Y:/Isabel Orf/Projects/Ara_Syn/Metabolome/2015/2015-03-16_Results/2015-03-16_C9.txt", sep="\t")

c10 <- data.frame(pam10 = pam(Trans, k=10)$clustering)
c10a <- cbind(c10, numm)
write.table(c10a, "Y:/Isabel Orf/Projects/Ara_Syn/Metabolome/2015/2015-03-16_Results/2015-03-16_C10.txt", sep="\t")

c11 <- data.frame(pam11 = pam(Trans, k=11)$clustering)
c11a <- cbind(c11, numm)
write.table(c11a, "Y:/Isabel Orf/Projects/Ara_Syn/Metabolome/2015/2015-03-16_Results/2015-03-16_C11.txt", sep="\t")

c12 <- data.frame(pam12 = pam(Trans, k=12)$clustering)
c12a <- cbind(c12, numm)
write.table(c12a, "Y:/Isabel Orf/Projects/Ara_Syn/Metabolome/2015/2015-03-16_Results/2015-03-16_C12.txt", sep="\t")

c13 <- data.frame(pam13 = pam(Trans, k=13)$clustering)
c13a <- cbind(c13, numm)
write.table(c13a, "Y:/Isabel Orf/Projects/Ara_Syn/Metabolome/2015/2015-03-16_Results/2015-03-16_C13.txt", sep="\t")

c14 <- data.frame(pam14 = pam(Trans, k=14)$clustering)
c14a <- cbind(c14, numm)
write.table(c14a, "Y:/Isabel Orf/Projects/Ara_Syn/Metabolome/2015/2015-03-16_Results/2015-03-16_C14.txt", sep="\t")

c15 <- data.frame(pam15 = pam(Trans, k=15)$clustering)
c15a <- cbind(c15, numm)
write.table(c15a, "Y:/Isabel Orf/Projects/Ara_Syn/Metabolome/2015/2015-03-16_Results/2015-03-16_C15.txt", sep="\t")

c16 <- data.frame(pam16 = pam(Trans, k=16)$clustering)
c16a <- cbind(c16, numm)
write.table(c16a, "Y:/Isabel Orf/Projects/Ara_Syn/Metabolome/2015/2015-03-16_Results/2015-03-16_C16.txt", sep="\t")

